(turtle 5): [-1 5 7 5 2 2 5 5 2 5 8 9 5 5 9 9 5 5 9 5 1 5 7 5 7 5 7 5 7]
(turtle 6): [-1 6 9 6 9 6 2 2 6 6 0 6 3 6 3 8 6]
(turtle 2): [-1 5 2 2 5 5 2 4 2 2 9 6 2 2 6 7 2 0 2 2 9 0 2]
(turtle 0): [-1 0 1 0 1 0 1 0 7 0 7 0 7 0 7 0 7 7 0 7 0 6 0 0 2 0 1 0 2]
(turtle 9): [-1 6 9 6 9 1 9 1 9 2 9 9 5 5 9 9 5 5 9 9 4 3 9 2 9]
(turtle 8): [-1 8 3 5 8 7 8 7 8 7 8 8 6]
(turtle 4): [-1 4 2 1 4 3 4 3 4 3 4 4 3 3 4 3 4 9 4 4 1 4 1]
(turtle 1): [-1 0 1 0 1 0 1 1 9 1 9 1 7 1 4 5 1 3 1 4 1 4 1 0 1]
(turtle 3): [-1 3 7 7 3 3 7 3 7 8 3 3 4 3 4 3 4 4 3 3 4 3 4 3 1 7 3 3 9 6 3 6 3]
(turtle 7): [-1 5 7 3 7 7 3 3 7 3 7 0 7 0 7 0 7 0 7 0 7 7 0 1 7 7 8 7 8 7 0 7 8 7 3 7 2 5 7 5 7 5 7 5 7]
